model,Galaxy S24,Galaxy A54,Xperia 1 V,GT Neo 5,Nord 3,10 Pro,12,iPhone 14,ROG Phone 7,Nord 3,Nova 11 Ultra,Pixel 7 Pro,Edge 40,Galaxy A54,Edge 40 Pro,Edge 40 Pro,iPhone 14,Nova 11 Ultra,Zenfone 10,iPhone 15,Edge 40,ROG Phone 7,Edge 40,11,Zenfone 10,GT 3,P60 Pro,GT Neo 5,11 Pro+,13 Pro,Edge 40,Edge 40 Pro,Edge 40,P60 Pro,Galaxy A54,iPhone 15 Pro,Pixel 8 Pro,13,Xperia 10 V,Pixel 8 Pro,11 Pro+,Xperia 1 V,Moto G Power,Galaxy Z Fold5,Mate 50 Pro,ROG Phone 6,Zenfone 10,Edge 40 Pro,Moto G Power,Mate 50 Pro,Nord 3,Xperia 10 V,Xperia 5 IV,Galaxy A54,Pixel 8,P60 Pro,Xperia 1 V,Xperia 5 IV,Mate 50 Pro,GT Neo 5,Galaxy S23,Galaxy S23,Xperia 1 V,Xperia 5 IV,iPhone 15 Pro,Moto G Power,Pixel 8 Pro,Nova 11 Ultra,Xperia 10 V,Xperia 5 IV,Edge 40 Pro,Pixel 7 Pro,Pixel 8 Pro,GT 3,Edge 40 Pro,Pixel 8 Pro,11 Pro+,Zenfone 10,Pixel 8,Moto G Power,Edge 40,12,Nova 11 Ultra,P60 Pro,12,Galaxy Z Fold5,ROG Phone 7,Nord 3,Moto G Power,Pixel 7 Pro,Nova 11 Ultra,Pixel 7,Redmi Note 12,iPhone 14,iPhone 15,12 Pro,Zenfone 10,iPhone 15,Edge 40 Pro,Moto G Power
Galaxy S24,0.9999999999999997,0.626717137596273,0.6232048416896194,0.44558609107552405,0.6346324094575215,0.8685769866865987,0.7482952171748821,0.8455542591797996,0.6398668251133968,0.33397406958956277,0.6611216738001224,0.623656611266144,0.7457480126787244,0.8246889673508879,0.8238843456855353,0.7206409727837816,0.6742788961729156,0.6088138527094565,0.46637087571999963,0.8964824125628614,0.7175622117508413,0.31294948737843575,0.6687139874314856,0.6486688590001374,0.2647242655100683,0.564653017288636,0.48590338737333233,0.45045061384365304,0.798792004199426,0.5160601743309705,0.6117219208408837,0.6336435171483528,0.7607113829489767,0.5962843941075501,0.6570085413527641,0.8164352343309424,0.555566519279667,0.6626862467353118,0.38001291995249853,0.5454462667707026,0.1684710781974586,0.4180710922872918,0.5509989587052623,0.27274788713183085,0.44499735733843004,0.5920102250534096,0.621205433918592,0.2921956974625485,0.7339712413596194,0.5563780257208419,0.33190302855344805,0.3428342182078908,0.5304158243212852,0.7027210505869426,0.6849992402858983,0.7255610335202461,0.5056577774681457,0.6868253220091732,0.1851602589747559,0.68025931992188,0.4870148272380781,0.6246308958443827,0.42792801759974125,0.5164447688661385,0.6024290393121902,0.3608101832003053,0.5269368986158417,0.5171922167437775,0.4621653314244516,0.18812691929274136,0.6029592797200706,0.5336896141394981,0.4180583575675341,0.3309180063455987,0.4633816091382441,0.3584532791821684,0.2567989605787111,0.24983969383643598,0.5515595390109755,0.3988900322967414,0.5158323226478683,0.5872802201729904,0.4128560661774145,0.4270204808987572,0.29503781767337284,0.35441963307149266,0.3362702942924202,0.5078265686080168,0.3214465013448234,0.35667984692573973,0.1558533370149087,0.2340790816787599,0.3227120526216314,0.27781011247189413,0.4598022549101318,0.4210431541120587,0.14732051389259188,0.28141361009106935,0.30846413874647727,0.29580133642973067
Galaxy A54,0.626717137596273,0.9999999999999998,0.953188143708258,0.9271768513383497,0.7227895593884892,0.8956911977476608,0.6865878556891097,0.6695482659548508,0.9456375283007882,0.607633774866617,0.6568312713396689,0.469404314787307,0.5725950564512318,0.6156468034462582,0.7230565743610778,0.6064210250519131,0.5760491596866478,0.8330631120245142,0.6559691566519822,0.6709217464201306,0.8037414471374212,0.8147956092549127,0.6077949048418493,0.4923934562976673,0.346244794548703,0.5212641844838704,0.842228315183012,0.6503159114119179,0.6599879367094983,0.3833974292577511,0.8771304692077806,0.7198828642198825,0.6574144279029099,0.8458676757396258,0.9360016860003216,0.5983601837821749,0.571022758436945,0.45101458271046674,0.5384475111765934,0.6646180969327555,0.6704282579344804,0.6510760405786152,0.45888897393452094,0.750746317977612,0.7929284676394239,0.8216007463914304,0.40225050158882814,0.39882564651933033,0.5433909340308444,0.4854770450387102,0.6099068741264275,0.525405119860195,0.47830365554507864,0.4868058530455882,0.6059794674216156,0.5909295585680723,0.38732560147761314,0.6598871375558324,0.5301431052387537,0.48893683681670064,0.4579304617676202,0.6575968357701742,0.7425046018223045,0.3828662863353611,0.4972834837090508,0.47502592304505203,0.47462379959158574,0.6655640892503359,0.4732766789331508,0.2411579938390169,0.5619339279914994,0.44476283914022774,0.4142118850533395,0.3918230008443155,0.40428772730853674,0.27704963824076295,0.2958216705163572,0.5629045236007175,0.5984688186975905,0.5517027852718704,0.6277375524966111,0.4061851653688965,0.5215348823124013,0.6033323030753862,0.15199501428454248,0.33459374306580025,0.48220731418431717,0.21885836450482618,0.3384664296412992,0.37111617393489255,0.4635036186923263,0.47451557355846785,0.5279975861379087,0.437777702866329,0.4177549013625546,0.6129838228008284,0.15299882131864198,0.364960637566464,0.41867700398387175,0.2482073034846838
Xperia 1 V,0.6232048416896194,0.953188143708258,1.0000000000000004,0.8560927477056552,0.6448264987161217,0.877808321588379,0.5653844828407154,0.6184402363555794,0.8837660782800627,0.4901433590172259,0.6427766816105787,0.3675864099923601,0.5478554829983944,0.6418215516882055,0.6994421353168929,0.5104887690591213,0.5535210783215303,0.8596200627641893,0.5101717170357154,0.7094778147218538,0.7304068487114067,0.8381957854485594,0.5000412850289658,0.4573920300358539,0.3588117657171603,0.39643532113116225,0.8797798226527512,0.5162706305017981,0.6835322527625894,0.26383676023518904,0.7904980661600052,0.7118661845237495,0.6237191308458816,0.8600146016848201,0.8884171727539727,0.6360123620123233,0.6230274902814006,0.4604431186834032,0.41826634498503684,0.5546585450488002,0.6395783403404182,0.5789924494225708,0.46108654573243096,0.6802112363674959,0.821909071948839,0.8558536488518727,0.40467130994162037,0.32638746283347153,0.5086920073056993,0.4962079760542223,0.5300977167228821,0.5723682521232848,0.5130605114540111,0.44483495990021055,0.5933805497366827,0.6152602637309247,0.33533941390048455,0.6399184052848683,0.4975643794048671,0.47109202435124037,0.35347681014887655,0.6337333998637596,0.7140870005874318,0.4203842825406002,0.45638439220268995,0.5026717229920312,0.5002856386793061,0.6096107936670945,0.47141256870965104,0.26551713580116393,0.5196494764798769,0.3791231292633213,0.35399344885540235,0.35084271521847077,0.34699543428502305,0.21899860394210702,0.26711991697235576,0.5266398115998877,0.5386959833095187,0.4759902260640899,0.5868604301194588,0.4085862261757487,0.5586004530444998,0.5685584969762509,0.1732934315482252,0.34151586385320787,0.5034921294462713,0.24850975176198564,0.2938555914960803,0.31370446419040365,0.4418826942396,0.4111830479419573,0.5640581795498578,0.364702923930637,0.4086158386118179,0.6058255280831757,0.1495204837664816,0.3040552323949755,0.4290767602444955,0.26113432184808355
GT Neo 5,0.44558609107552405,0.9271768513383497,0.8560927477056552,0.9999999999999998,0.8220927266802605,0.7740593293532002,0.6809466204521594,0.6734712706580954,0.8591523086115754,0.5520322236467289,0.7274539537331037,0.3556649096701601,0.3331701368374324,0.48264106650230487,0.5720401120970118,0.6350648179969853,0.5162553329313002,0.6698895302052548,0.7167770203088435,0.5125508700034759,0.7683725519103711,0.8117725968374582,0.6633818271418995,0.5764941550929074,0.3201441556937219,0.5520910549031949,0.7366264146325122,0.6861127399627364,0.4673302599064546,0.468773684283504,0.864196981707659,0.5392473127443898,0.48756153208935193,0.820168440960447,0.8593116567618403,0.44008787445402775,0.4538988606518626,0.42629611412807705,0.6177436687925019,0.7341557183142453,0.6786320096921669,0.6876645249273068,0.42321833104262935,0.7925607212068806,0.7583436678586349,0.7405102414173119,0.4190182666002619,0.36739252356690094,0.41814734579211826,0.3938169716929503,0.5885439027325773,0.4024077535387478,0.29970867878417706,0.42673711842900075,0.4835154419465508,0.5016837898850204,0.31459935212314455,0.6442103355958818,0.5292787136540714,0.39525928164036545,0.5309147507871941,0.5429786141221937,0.7865849882142574,0.27723380576522993,0.45442947104114123,0.3764947394405798,0.49301212660563287,0.6932481883746106,0.40042036603759174,0.23386688122112645,0.5082880788388736,0.3705437697076761,0.3687995648103988,0.40741619195197104,0.46719290209097314,0.3177502157887091,0.29698255587035094,0.544369122350309,0.6271466369592663,0.5604699010997027,0.6008975772965731,0.379472894995417,0.43081769551918675,0.5413992096182314,0.11754363568636714,0.26453275754141026,0.4778474269214417,0.15154544066330303,0.4019576978862713,0.41624099164538153,0.48054814833984627,0.5051862179020544,0.4666707633926345,0.4978210536505952,0.3711807675270496,0.6118884274507713,0.17610432334838808,0.41640424805010623,0.44573668890934554,0.22550024531221777
Nord 3,0.6346324094575215,0.7227895593884892,0.6448264987161217,0.8220927266802605,1.0,0.7841549335215364,0.8318926031820982,0.9180477410514871,0.7175018457443288,0.4787239103469945,0.8441250245004609,0.5053858679882229,0.31996248855309967,0.6831729304828466,0.5398181512433275,0.8903031869733071,0.7311285847595774,0.4907723517548224,0.6792185914641901,0.6132240298054126,0.7422667290124797,0.5685629696952234,0.8938898731755426,0.8875982475774097,0.3436248903720859,0.6982676330835109,0.5168084857767908,0.6592493603272959,0.44801602716718997,0.7774451979204459,0.7728909060820839,0.4619799372002749,0.46348810488217357,0.753946901293466,0.7225361790074186,0.5417851842447747,0.48811066401729863,0.6026160399330973,0.6381987994298285,0.7974505760236077,0.4573415524072035,0.6140163062885293,0.6359336700226076,0.639270849434024,0.5653800022425881,0.601705785342897,0.7007019770827059,0.3743547710489127,0.5319441497914751,0.37244478658571867,0.5247524557413473,0.2746997203786439,0.2528187273578233,0.6685960352935131,0.45773274919048174,0.5766015556014368,0.4466881995824413,0.797228424723805,0.3922156301090298,0.503650907086494,0.7467852805441036,0.5558058797114622,0.7290268688455219,0.31351502992733526,0.5576591789612133,0.31157588908521167,0.6573755749130191,0.7700959309464528,0.396285386488419,0.24057475274736403,0.6418486849288242,0.4616223376135477,0.3941269600758727,0.37795084907915405,0.6698932276522689,0.5383342609723129,0.274629819922972,0.43633028878551267,0.7450071667181343,0.5103736959669967,0.6022401553219596,0.5839269403531347,0.39645327228326577,0.5050703195175215,0.2424889698322168,0.26518106887990506,0.4157832649616806,0.3821406857355087,0.48005735218278833,0.49338165791031285,0.38213132742385925,0.4499250019359826,0.339495264516371,0.4831198743601844,0.3828956457883861,0.567765622381785,0.2509461009218792,0.46949107889721114,0.4515662331707915,0.2944126100099493
10 Pro,0.8685769866865987,0.8956911977476608,0.877808321588379,0.7740593293532002,0.7841549335215364,1.0,0.8228689149401166,0.8516052331864478,0.9094644596196305,0.6087110024490406,0.7188891481714108,0.6574492879184582,0.7510322343943091,0.8228021331093437,0.8465442579437498,0.7746735219582873,0.7546172295973071,0.8322297849770688,0.6278839660976612,0.8773820015348216,0.8492462648516134,0.6563845582558483,0.7459563056125,0.6742177280830375,0.4037794946824425,0.6491263399537851,0.7704382827067702,0.6556303721649759,0.8288048539887329,0.5517563620369849,0.8500919591190423,0.8000580912447222,0.798291715398449,0.831391117777054,0.8984188656102285,0.808120154833063,0.6822236195154698,0.6359963567078365,0.5396801674421636,0.6980959522852868,0.5321918186980799,0.6203103880608414,0.629837319181942,0.6089113234869332,0.709562545299121,0.8065690622273846,0.6105913733157279,0.4523881761441772,0.7443941179863082,0.5899956178375996,0.6026051250673968,0.541391971649236,0.6025498364938416,0.6997099632602976,0.7243648322290459,0.7475026589661475,0.5562800995441991,0.7962094927583876,0.4607597216023168,0.6849301076747762,0.5672972431595907,0.7517947803694678,0.6965432056289594,0.5300779284796141,0.6448221151494188,0.5230113515777012,0.6007399769566123,0.7165566805700626,0.564177453619031,0.29209427784822045,0.7095824901788683,0.595077915603751,0.5085229580689419,0.43111597101519944,0.5344092313326521,0.42395603219770917,0.34682156763066907,0.5203141027227378,0.6896791123419069,0.5608384865001501,0.6830161518992055,0.604489456226836,0.5790937109603125,0.6394307864666721,0.30773036572150647,0.41338591585286805,0.48728689253838453,0.46074147454999875,0.40103408565581394,0.4437028837748487,0.4095234291129359,0.4516517450722466,0.5163470503164316,0.4360567592843479,0.5133268728524766,0.6186970163528716,0.2266018259804169,0.4102574113101656,0.4458646177898603,0.3532790658138895
12,0.7482952171748821,0.6865878556891097,0.5653844828407154,0.6809466204521594,0.8318926031820982,0.8228689149401166,0.9999999999999998,0.8852431558550624,0.7626989274929871,0.6840866716445058,0.699063327674267,0.7764335571625013,0.6707396843379686,0.595756546882203,0.7894552555551559,0.9075770090093195,0.6546676446871809,0.5200298627460676,0.8725098862965955,0.6876396337360031,0.8865942101747785,0.3586066449228219,0.9149369242111834,0.746785877089359,0.3247435382718189,0.8747164899868003,0.4229486869460099,0.8351180480948346,0.6436207035314842,0.8105349573431679,0.8529930382034245,0.5996686261695661,0.7659470467061543,0.5936423418644983,0.7472294482028196,0.6378156947388873,0.4140974221856419,0.6367297445156511,0.8139635806664757,0.8722459351813711,0.37008231403038333,0.749894838549041,0.5270675341197877,0.535900620637325,0.4538875280702453,0.5348029598653861,0.6112988267837137,0.5438476275886289,0.759418024937787,0.5494435114041604,0.6241094824952105,0.3351359350724753,0.47958723548035886,0.7243514288548779,0.690733251558585,0.6421465052890538,0.6747691117379084,0.7681794857649465,0.4024220277834606,0.6912661282158723,0.7600230126394102,0.6404007352116652,0.6396257749685373,0.4896464297052849,0.7178544978783509,0.3500016018495131,0.5056763822802811,0.7099500496171471,0.559010434393166,0.2965993163439098,0.70105756582633,0.6974480942282983,0.6190793851639803,0.5329568470741661,0.6669510365533489,0.5591874218440579,0.4331695288443234,0.4502369427225742,0.7478314549180811,0.6769850260290131,0.6740896737595851,0.6019656021827766,0.36713434986279825,0.5641260679639465,0.320600824158388,0.37244286639620805,0.39409925875497953,0.43761225530105285,0.5431074095337688,0.5963688240728124,0.35464291229755807,0.5226696506000825,0.3282434890059129,0.5874146804756349,0.5374235740992467,0.5338899820924068,0.2763670454312451,0.5491530351758009,0.4008704980430471,0.3477737999291491
iPhone 14,0.8455542591797996,0.6695482659548508,0.6184402363555794,0.6734712706580954,0.9180477410514871,0.8516052331864478,0.8852431558550624,0.9999999999999999,0.6948364139911127,0.42796235462393895,0.8563582879774531,0.6281485927906507,0.5437634152339874,0.791006674660247,0.7275443114105983,0.9285331157406936,0.7812258552240483,0.5425200496531619,0.6768399147330998,0.8204284024817662,0.8145758336580328,0.45193417302782357,0.9141628231489283,0.903703753700739,0.3792110238146698,0.757460391904529,0.49513473200210467,0.6559665405995012,0.6532547832532247,0.7947818265901,0.7658572806834448,0.5599198544890477,0.6622802858505183,0.725886443324545,0.7243005780814749,0.7522888669582056,0.5590351375637688,0.75235720872461,0.6374301513421632,0.8015982156546982,0.33842869117899366,0.6217951291753439,0.6774964481640656,0.5096862115339725,0.5398862075535347,0.6305239659349853,0.7910929187030875,0.42045457633818184,0.7199105900952351,0.5438901100813387,0.49337553851194044,0.3327505189919141,0.4292404965549598,0.7903543609256143,0.6423754875577173,0.7376320561020925,0.5743927937406783,0.8498020417083582,0.35220927564900045,0.6879295455518185,0.7583791442816659,0.6479882411283505,0.6689670989809477,0.49701011577802506,0.7063609223912147,0.38273723184630026,0.7027067660875599,0.7498382852083957,0.5162020122223671,0.3070788775020047,0.7189611253287247,0.5978912890294898,0.5088781605292638,0.46473894028739626,0.7130456752709756,0.5811368385267591,0.3686897293750553,0.4050245817047615,0.7734048187673814,0.5621273468022212,0.656611342734213,0.7017375807108763,0.4522481544121266,0.5317944429808186,0.3657849563366095,0.38604447754448573,0.4609347608101874,0.5458718529310848,0.5376566793479087,0.5596227070795315,0.3427654562272531,0.44225975143593727,0.3815150939073419,0.5108691696040654,0.5291079037649165,0.5836476903651574,0.30651404196363147,0.5109536146347902,0.48298674558098853,0.3955471998346676
ROG Phone 7,0.6398668251133968,0.9456375283007882,0.8837660782800627,0.8591523086115754,0.7175018457443288,0.9094644596196305,0.7626989274929871,0.6948364139911127,1.0,0.7824964994393424,0.5555150765606152,0.6931649236028528,0.7143179525639861,0.6894482880156194,0.7329636179397133,0.7167954638146755,0.7204682064611071,0.8675102522868375,0.6924823033627344,0.6957495309812406,0.8133043174160473,0.7621382210397973,0.7080490975754569,0.5207703470401756,0.4855493949089792,0.679343706456247,0.830233242571444,0.7741444113433542,0.7369976475529777,0.5397823278305923,0.905292209566767,0.8494685525150799,0.7412215033427378,0.8208539101906568,0.9436591054918154,0.6634119633976909,0.6627243784581959,0.47891084150248486,0.6214541643263053,0.7122856410050201,0.7417274135076289,0.6936625137545742,0.6007994821217403,0.7816181476814923,0.7351822541865254,0.7972936374227315,0.487070042209101,0.5817911463196354,0.6800751061734562,0.5108075393211402,0.757544105332344,0.6339950150685324,0.6100008997197095,0.626821116341968,0.6450883580320909,0.6130928425112808,0.5929476287044982,0.75194647457107,0.6213600784924026,0.6089137562651625,0.5777449823276251,0.7699434480024943,0.7692139339523257,0.46746108714867496,0.5943333244026929,0.5790911040911768,0.5119074547466056,0.7613912594605311,0.5815915542218527,0.3367960980776865,0.7176429369092701,0.6177093968056785,0.5517210963565125,0.4491877806059441,0.511254462480692,0.44924364531288885,0.3832053100162007,0.684238691000929,0.6925314214939646,0.6195531881367423,0.7158710009322445,0.4999007323686687,0.6138665883406543,0.7417278219632096,0.2630634423856334,0.4125059252633921,0.49262505960751796,0.3462328231815275,0.3917259831590257,0.45152001420425364,0.5503752090443794,0.5770603475808559,0.5604424560426067,0.5017426610956869,0.4723265747504508,0.6479140520630859,0.2730020208564142,0.465375655690487,0.4458133781748349,0.3461755836530168
Nord 3,0.33397406958956277,0.607633774866617,0.4901433590172259,0.5520322236467289,0.4787239103469945,0.6087110024490406,0.6840866716445058,0.42796235462393895,0.7824964994393424,1.0,0.17955433308439825,0.8226357197473118,0.6839111044809656,0.4587436295401583,0.49963566955140765,0.6299137862154488,0.6325056839373828,0.6502296791669574,0.6314924159692341,0.40911657964863146,0.6130878312952619,0.472481644658612,0.6372732022281568,0.3690190267032257,0.5451339479648358,0.767724799408226,0.569267863580759,0.8451006518194968,0.5744266815554208,0.6208647436574606,0.7398155779352233,0.783400730977375,0.6443754215877641,0.5170438188851922,0.7138041618639569,0.47351008013156726,0.5470694560618059,0.3347469976444889,0.6929673418165901,0.6417018904481999,0.7374692338144729,0.6733710423773827,0.56887201316252,0.7237287914479515,0.4598561572353093,0.49503538885305653,0.37527801508243885,0.7909627468072422,0.6655046821758825,0.4199176367221944,0.8939221414739111,0.6566107359256743,0.6440776215242022,0.6156841455591874,0.5218685222368485,0.4166941177021551,0.7664501340267631,0.6353164399980179,0.6965493410328638,0.593918359442107,0.6378684834484738,0.7290568838924067,0.6459177332412207,0.46971536577398526,0.5874433073090924,0.5996253631466937,0.36987663391249465,0.7062837708221903,0.6284983119342499,0.4621245581423251,0.7336760604798132,0.741578197827152,0.6806292860454094,0.5030073426301008,0.5464070410122738,0.6080235662140496,0.5038895603649045,0.7494460946398,0.6556706367671263,0.6511941552574327,0.6888798075758146,0.47996167440313414,0.5769158011216199,0.786359665184036,0.40287626811380783,0.4714011091505441,0.40048284095793113,0.4068034826164765,0.43605050143577034,0.5228536715606038,0.6289172137131248,0.6883133862836466,0.49478620769568604,0.5742431054630027,0.4632271454024431,0.5597783532702459,0.4299182957269736,0.5801244454677202,0.4068061183912523,0.4338424318020405
Nova 11 Ultra,0.6611216738001224,0.6568312713396689,0.6427766816105787,0.7274539537331037,0.8441250245004609,0.7188891481714108,0.699063327674267,0.8563582879774531,0.5555150765606152,0.17955433308439825,1.0,0.24598237177440727,0.28401406531131934,0.573138001095368,0.6706721625858612,0.70694810048549,0.48599772371832034,0.5034835130246813,0.656919293097982,0.7162977757534673,0.7891429745088123,0.5869032412397653,0.7318804670428296,0.8486489815241558,0.3420815640397687,0.5444989847657606,0.5404455656480058,0.5177704468405572,0.52007100371737,0.5630564597831916,0.7224859493410705,0.3533110944887015,0.5324876295746833,0.7795108634862711,0.6857452855678162,0.6333606858309037,0.4470004922441941,0.7682118340779659,0.591841035084014,0.7707936961888839,0.31638437031660455,0.6504006150853557,0.47252461401383994,0.5253234342173743,0.7001350287303723,0.7040578471878988,0.715181999910199,0.2670036543783916,0.5377163096521501,0.6254186494125141,0.3582863780166721,0.2699217555566744,0.3070375115959887,0.5805189166416547,0.6315449078619116,0.7606887237665148,0.3323098026156482,0.7203631510385404,0.3792143092504278,0.5617566987826728,0.6266760136661511,0.5086107796116138,0.7007901283136794,0.481945462663146,0.6315874941513209,0.3405052548972474,0.7125655050548667,0.6633679676827345,0.47185085551404476,0.34559788862730945,0.5211892756766939,0.41622837824265074,0.4258644595132532,0.5345047420652044,0.6442941585659039,0.4243725207405724,0.41244478210201135,0.3539733962032542,0.6947969456934938,0.5815509775836216,0.6126103184973909,0.6370077391230726,0.41700464080933647,0.4153726992210766,0.35858210715091393,0.40945374517212835,0.6004219829232348,0.44732751434212026,0.6108463206506178,0.5828092390628695,0.38093624087405337,0.44051841596956776,0.46465378709855687,0.5613658973903973,0.5699781206208143,0.6417429618086178,0.3228270454880222,0.5083513105705656,0.5925524259373165,0.40940295135449023
Pixel 7 Pro,0.623656611266144,0.469404314787307,0.3675864099923601,0.3556649096701601,0.5053858679882229,0.6574492879184582,0.7764335571625013,0.6281485927906507,0.6931649236028528,0.8226357197473118,0.24598237177440727,0.9999999999999999,0.8299524151617693,0.6563361165617801,0.6089301337667505,0.7924596864612065,0.7771584147451741,0.5663999423626778,0.5794482806034491,0.5966369862203498,0.6278650247344719,0.21707652457327042,0.7633139282238842,0.49931213460233886,0.49386086549995956,0.85751150936242,0.4041565271532427,0.7864476718359367,0.6957371168067978,0.7736604064414447,0.657165858115774,0.7855442985952534,0.7463244241880403,0.4331335023361415,0.6174002299755132,0.6427861432983462,0.5918013099081876,0.4837492322715148,0.643931944046924,0.6467579961569987,0.47553128424163776,0.5710280828204437,0.680682928614811,0.48608043385637384,0.28598828255754666,0.4016854373738392,0.5486079643427881,0.744844761165419,0.8201286665734878,0.4607580572567875,0.7412543473762491,0.5555249477404359,0.6816812885168014,0.7960255829718148,0.6033933122757514,0.5259297768297329,0.8698351803811518,0.7203435112158756,0.5027582666641118,0.7358373540615029,0.7079931431536325,0.749830175338309,0.5111271479737992,0.5431123204067738,0.6769765168058578,0.535832541533721,0.4455760276848044,0.6825288020937038,0.6300752828515579,0.4078175974030894,0.8133356697315904,0.8340596265182929,0.7049993099342449,0.460677475510064,0.6185426882611927,0.6961921592822454,0.4626596449633932,0.587047760207532,0.69042072850153,0.5805385884048617,0.6585445782453686,0.592868968890329,0.5289300278812431,0.7195256776450637,0.4405896949521525,0.4636839206136668,0.31011041194022937,0.5624157092652352,0.4276624603746789,0.5320891349107023,0.45212136471190983,0.5676972076489468,0.3710989735473094,0.4883275166348344,0.48522406002095364,0.46980432880745393,0.4049359217092194,0.538423907946696,0.34055833868059204,0.44679066302815224
Edge 40,0.7457480126787244,0.5725950564512318,0.5478554829983944,0.3331701368374324,0.31996248855309967,0.7510322343943091,0.6707396843379686,0.5437634152339874,0.7143179525639861,0.6839111044809656,0.28401406531131934,0.8299524151617693,1.0,0.6413554238425602,0.8512392819870789,0.5947638425401434,0.6040256787595015,0.7452056311651875,0.5233906845081022,0.7765859850299207,0.7200954488639556,0.3245519426342923,0.561124336380393,0.3438470105778796,0.4672859077956181,0.6696993172049248,0.5691702525715239,0.6540944005836279,0.9021089741901096,0.45747654639438107,0.6812597333377762,0.881422194594668,0.9357107282996155,0.5022719545126505,0.6993907414596257,0.7970585240261524,0.6216762125924848,0.5542000651343918,0.5185008056154813,0.5368194472127658,0.42973262378398763,0.5676069140018015,0.5430383824565305,0.4055281466771771,0.46131405016158245,0.5893292849956245,0.457485466244652,0.6619362000495063,0.8788321312751195,0.6700774393015103,0.6409042961838942,0.6532299193847344,0.8337245917220658,0.688232005918375,0.7952620733365641,0.6821994237528172,0.765134456920207,0.6347836674332659,0.4840945011813182,0.7943480428496064,0.4776749379743203,0.7764002720906334,0.4714326148475385,0.6913220888496129,0.7014251683848507,0.6323780020521805,0.40570809714276806,0.5499714564703374,0.6991759963911757,0.43121465822028326,0.7230806440137721,0.7814750938442248,0.6944918769613349,0.5261470451551538,0.4784906110723699,0.47210733857898196,0.5146098825042806,0.5436520530731207,0.5756723269573394,0.6137784921316226,0.673033195560948,0.5753600869453486,0.5917550984071333,0.6807371356164923,0.46808907580954606,0.5636009819659725,0.43332441351581713,0.5636019451906665,0.4178901819407081,0.4858012783438205,0.42088341729202083,0.5020006066176724,0.5156742176096932,0.4598115984619643,0.6092262619695772,0.516288114029837,0.35984413225788553,0.46489938930606095,0.39632104209441454,0.48682333492175855
Galaxy A54,0.8246889673508879,0.6156468034462582,0.6418215516882055,0.48264106650230487,0.6831729304828466,0.8228021331093437,0.595756546882203,0.791006674660247,0.6894482880156194,0.4587436295401583,0.573138001095368,0.6563361165617801,0.6413554238425602,0.9999999999999997,0.5859416479592721,0.7660517651070541,0.9313372188065558,0.741923393149682,0.27677164858050746,0.8524524109573671,0.575566883118544,0.5473443177215511,0.7047585183052224,0.7433352153353575,0.5823127712690473,0.5897010090707262,0.6888102215546231,0.4796339696107081,0.7745056697117326,0.6240814455271191,0.5938205393108291,0.780950472823543,0.6190909413697174,0.7737700178186676,0.7076236476238619,0.8473042720653146,0.8603902108753791,0.6729870189908856,0.3279381616628312,0.5190743149769586,0.5146221811834555,0.3986608952225668,0.8866799130328391,0.5370324181393517,0.588427660984084,0.7063836482292579,0.796955765974047,0.5002685867389514,0.7348156955014102,0.5033938272411805,0.5616369017076372,0.6159984029772162,0.6282362364139291,0.8522723262528001,0.5674001948073202,0.7312228889444744,0.6269409944926025,0.8501957693509289,0.4689131379844891,0.7120465329199149,0.6353368730627227,0.7995767659558883,0.6289515824289245,0.5661543651881784,0.6248412743264263,0.6348046057647605,0.7665172120518192,0.7529740347823863,0.5699661470972229,0.41619758926077266,0.810795078484675,0.6101127559930917,0.48499056083078,0.3580904761832827,0.6328096235833793,0.6226011326105675,0.34900745222154855,0.5512793587381963,0.7092993457513133,0.41239850833479486,0.6552054489305732,0.7414485225672425,0.7195705620395909,0.6871031511465958,0.4928146222339245,0.5058128179625208,0.48974027619376354,0.6968282306013718,0.3979546469568579,0.43337252409438426,0.46905145531752274,0.43333243568903107,0.5477641490568927,0.35055005649284676,0.4784666779951196,0.6133612132683227,0.41137807095016143,0.43244152120088053,0.5101146053329317,0.5057415056701089
Edge 40 Pro,0.8238843456855353,0.7230565743610778,0.6994421353168929,0.5720401120970118,0.5398181512433275,0.8465442579437498,0.7894552555551559,0.7275443114105983,0.7329636179397133,0.49963566955140765,0.6706721625858612,0.6089301337667505,0.8512392819870789,0.5859416479592721,1.0000000000000002,0.6520863467095834,0.4789611855909442,0.7226525873655855,0.7400145092221756,0.8717639206174981,0.9275426839893145,0.4761725100114254,0.6547938702589605,0.5440942791741468,0.392904592008354,0.6640603374477725,0.6127921426115984,0.677239378326717,0.8808828000647156,0.46117728943570424,0.8300117005150417,0.7277147633102081,0.9580918308486137,0.6599220954236759,0.8057890521306957,0.8277999392997761,0.5303431317735017,0.7363105872307203,0.6564472694083038,0.7335094312867438,0.36605985847208683,0.7369383048149412,0.4307122804101249,0.46497619818592656,0.6524043853999996,0.7426961531395999,0.5489547477601439,0.5221203657464268,0.8449380789627909,0.811296526273077,0.5433479648105729,0.5259815469384379,0.7138019309852625,0.6428134723992353,0.9181242121900826,0.8312451847728894,0.6153970215843861,0.6866661151198225,0.4527050956346132,0.7947677183617113,0.5287844742746772,0.7138899650853407,0.6081309092108389,0.7185092350277117,0.7763840587131504,0.542987488428511,0.5230930223579398,0.5874583111467465,0.6975434841721567,0.4252218219385406,0.6439662895338333,0.6994494658177429,0.6761503387984963,0.6533246898585563,0.5541084491143898,0.39934087078014086,0.565597248362581,0.47158139593982584,0.654548438925126,0.7330636232340589,0.7246372278493733,0.6288797806060993,0.5191440039953927,0.5812513188922069,0.44534208350715837,0.5717884159505882,0.5886103941292505,0.5188083047268224,0.5794458484180114,0.6041380961172914,0.4027153965700521,0.5218541311313108,0.560690253773531,0.5949449565246743,0.7242102286142991,0.6304592003214412,0.33753034239596924,0.5303294909050089,0.5289140649416013,0.48879529955121304
Edge 40 Pro,0.7206409727837816,0.6064210250519131,0.5104887690591213,0.6350648179969853,0.8903031869733071,0.7746735219582873,0.9075770090093195,0.9285331157406936,0.7167954638146755,0.6299137862154488,0.70694810048549,0.7924596864612065,0.5947638425401434,0.7660517651070541,0.6520863467095834,1.0,0.8504899710392908,0.5315717756339743,0.7189566585514598,0.7062249584099674,0.7949128478857336,0.4201386896410762,0.992201970935899,0.8847581734374553,0.5054627653112915,0.8998519439379556,0.46928558204831966,0.8027089773002885,0.6241604683133051,0.936776723504563,0.7992089715243539,0.646479726399246,0.6725458260180046,0.6794152529296081,0.7199154779960708,0.6944981661385323,0.5996138577938003,0.7119005489083902,0.7540512618988402,0.8540469557564698,0.47557141260071556,0.6911371099697645,0.7869542765190065,0.6180937815141492,0.48469088116696807,0.5653903417215883,0.8082166478335884,0.6411856362097894,0.788339240855687,0.5184620213053316,0.6766198740227914,0.4372730811599193,0.5061703827553333,0.8747586686050112,0.6123015440081202,0.6809115255746203,0.7494964002476795,0.8983313585441479,0.49892175997945415,0.7369335107148265,0.8907532316290219,0.7302487259844395,0.7240152314045306,0.5302465978128659,0.7518541739232885,0.4894315514125096,0.7075920253868854,0.8489216860799064,0.6056163263423735,0.4242931761179075,0.8460192917975208,0.7392946222530861,0.6400960141986706,0.533560055617297,0.8236515007659045,0.756769176154147,0.4717419051380201,0.5621548616950479,0.8585470280917569,0.6556593185908511,0.7457708764297909,0.7439712770388628,0.5280767886817791,0.6743413739304025,0.45988808927046926,0.4613187667137116,0.47186624331356986,0.6106075503157102,0.6150509951395186,0.6526151824450312,0.4858522453521149,0.5940822312613536,0.4201354122138214,0.6068455090972482,0.5514077448731853,0.6273976571103352,0.4452900308988009,0.6346974052071086,0.5323994007307347,0.4975715963183486
iPhone 14,0.6742788961729156,0.5760491596866478,0.5535210783215303,0.5162553329313002,0.7311285847595774,0.7546172295973071,0.6546676446871809,0.7812258552240483,0.7204682064611071,0.6325056839373828,0.48599772371832034,0.7771584147451741,0.6040256787595015,0.9313372188065558,0.4789611855909442,0.8504899710392908,1.0,0.682312879426259,0.36442893654712266,0.7285031725301917,0.5589875397010486,0.5186273432310167,0.8019579324059798,0.7534281040198618,0.6304432033953862,0.7234708438359455,0.6314280447358633,0.6243518514610298,0.6750774725526052,0.7796094338494215,0.6340716245300088,0.7851391586558711,0.5656117555443662,0.727936645321512,0.6916551790150776,0.7543375544842711,0.8282549576499941,0.6008922940784973,0.4598167476266247,0.596978609974076,0.6181052409466691,0.46726732296495205,0.9376758791557329,0.6323494738025572,0.5184203025012972,0.6166672068029431,0.7885998536039286,0.6355214800550955,0.7297200820015362,0.41783079456153277,0.699133864923803,0.6268112152646975,0.6015288823970564,0.8807742668050662,0.4877108920777294,0.6301390674365047,0.730734690041992,0.8802782679781085,0.559776007857893,0.6935094319647602,0.7543966052293949,0.8068023833957724,0.6816335459732562,0.5137018517361087,0.6432718148977704,0.6383041935569576,0.7411165700150605,0.8379052332085727,0.5842153156731328,0.4514115318062518,0.8787284917441766,0.6832860752552803,0.549278133686882,0.378698081316477,0.7118268255778641,0.749081964143474,0.382722357230906,0.6499869159370173,0.7765265248910931,0.4683774203987652,0.693428938763479,0.7299780830438325,0.712980171983173,0.7654989103014838,0.4953044313666696,0.48395124096670034,0.45133560377218884,0.6754474210951014,0.436275629046905,0.4899142432629904,0.5541509090383117,0.5390359791595936,0.5149383503729521,0.43457999688097726,0.4543281565977983,0.6186177303438019,0.47167255414746023,0.5288464142883139,0.5048527253065486,0.5166480062023977
Nova 11 Ultra,0.6088138527094565,0.8330631120245142,0.8596200627641893,0.6698895302052548,0.4907723517548224,0.8322297849770688,0.5200298627460676,0.5425200496531619,0.8675102522868375,0.6502296791669574,0.5034835130246813,0.5663999423626778,0.7452056311651875,0.741923393149682,0.7226525873655855,0.5315717756339743,0.682312879426259,1.0,0.450195225900307,0.7905244131082608,0.7110418591982421,0.8265701387402681,0.5153512726726359,0.4514565310057146,0.6555117674654163,0.5322641722908539,0.9676989517640773,0.6222526957830453,0.8626201729419064,0.35877061795242754,0.7838315921617877,0.922765984959546,0.7702161620726615,0.885191319076727,0.9082931031408515,0.8078883259721558,0.850715824036098,0.5898055861433973,0.4612719652436797,0.5707130571171051,0.7952212641091696,0.6323378683759304,0.6710215918242185,0.7604146754960192,0.8746249559337423,0.9111296359070814,0.5502034882961198,0.6337430806944069,0.7322322683170204,0.7014874690889261,0.7533383801179999,0.8464394295953787,0.8046593328478033,0.6550614779542183,0.7392177493964806,0.7686901554727729,0.6143493301937551,0.7465992847304963,0.7553551183035815,0.7110655659603506,0.49332006093592656,0.8665729434791686,0.7737961422838204,0.675944474901259,0.6587685090788578,0.8053290208551348,0.6454796243674555,0.75227197358487,0.7258885800988492,0.5559821590640132,0.7491089040033744,0.6576179671382518,0.6277715700669775,0.5582892217759209,0.5252437824212374,0.487365412608438,0.5406259403281815,0.7726544863818205,0.6830605486994091,0.6365741401299438,0.7788551518337647,0.6296377633699048,0.8433337673057266,0.8349623006589107,0.5056450477046669,0.6447568654799978,0.6837473808786801,0.5559926787366637,0.4743845305328819,0.51432474926513,0.7025677350003884,0.6420713927944551,0.79405746419973,0.5367168110018776,0.6302700534345633,0.7713568305903692,0.4696098156473927,0.5334660270734988,0.6266404950744808,0.5699382319900498
Zenfone 10,0.46637087571999963,0.6559691566519822,0.5101717170357154,0.7167770203088435,0.6792185914641901,0.6278839660976612,0.8725098862965955,0.6768399147330998,0.6924823033627344,0.6314924159692341,0.656919293097982,0.5794482806034491,0.5233906845081022,0.27677164858050746,0.7400145092221756,0.7189566585514598,0.36442893654712266,0.450195225900307,0.9999999999999998,0.5016655163577505,0.8972241003001835,0.4418333293803005,0.7799626236650578,0.5808632256767879,0.36387138067923963,0.8134977637738184,0.404311836349716,0.8806562260632821,0.513955683398933,0.6715630964730556,0.8792108420500055,0.47262287034667205,0.7143756991724295,0.5423800902846087,0.730786098615461,0.47657853294558583,0.2602577781353899,0.5856223893354681,0.9328771694010569,0.9165550034204839,0.43948511625155484,0.893249138662775,0.305921757018175,0.624321922770529,0.5292387903004069,0.5450294069515191,0.4740374371984142,0.5785194971368657,0.6525191319790559,0.6177955407375536,0.6434890855564911,0.34280822660718535,0.4471228248053072,0.5424132019067369,0.7116979421102095,0.5865344996847649,0.5982688215915294,0.635381330392923,0.5194180447464042,0.6152956824575881,0.7092456993870244,0.5588234534789466,0.6913020404915979,0.5087450364466092,0.7129706070667273,0.35532848178050425,0.42352848288075623,0.6531698377245304,0.6029307472801443,0.402692740148561,0.5742223621803492,0.664209931930031,0.6821051902973735,0.6890528125839086,0.6391856634378049,0.49527600769632496,0.5795779488420273,0.5246069935599141,0.7133917061023637,0.8163458576152351,0.6974522659373932,0.5073686946915369,0.32783583273849287,0.5431593357406425,0.33523104343857735,0.4445897100116323,0.5232896820677542,0.3191378696920538,0.6668083316265521,0.7009745746737077,0.4694965612916441,0.6536943951437977,0.41532458435005976,0.7541413615798332,0.62730793431142,0.5996768478837017,0.36932077678371655,0.6586342863659749,0.49831019319377773,0.39999773437543107
iPhone 15,0.8964824125628614,0.6709217464201306,0.7094778147218538,0.5125508700034759,0.6132240298054126,0.8773820015348216,0.6876396337360031,0.8204284024817662,0.6957495309812406,0.40911657964863146,0.7162977757534673,0.5966369862203498,0.7765859850299207,0.8524524109573671,0.8717639206174981,0.7062249584099674,0.7285031725301917,0.7905244131082608,0.5016655163577505,1.0,0.7976825367644538,0.5631769929613311,0.6781097729602911,0.7143835935418045,0.5626959172847483,0.6237626199991307,0.7117001645773487,0.5599264774848817,0.927134229551079,0.5295491860929433,0.7245548267846704,0.7790467097822775,0.8553132934231715,0.7907459066403548,0.7900195804013751,0.9765743712674146,0.7783598621125104,0.8415997709493129,0.4946011368473673,0.6562205049182487,0.4363819464334555,0.6079810312600367,0.6969578154051286,0.4983856791279793,0.7152056898271392,0.8256961729934612,0.7747473336612846,0.5187790267335468,0.8594990760327018,0.7940296785092674,0.5484392389558196,0.63821589547616,0.7587356342175905,0.8050893503429322,0.8563542605726051,0.9189647938283761,0.6483073397866361,0.8281703496950271,0.49889401099654157,0.8516911492292976,0.6017949831944021,0.816212698673114,0.6668103297241549,0.7711612714858183,0.8067492262707491,0.6680362462080867,0.7579018179162005,0.703901528344396,0.7247229232718674,0.5192045956901555,0.7663530308585083,0.7030366462448969,0.6447059026968405,0.6027334576058058,0.6537085667663367,0.5493442559188958,0.5526215499161582,0.5401646674437701,0.7376302391655647,0.6298282839680134,0.755350401643661,0.7975685811278622,0.7070268627647884,0.6694114126507442,0.5883818298358623,0.6517675963532988,0.6643996025273172,0.7287184108855,0.5806383930710548,0.6022860447680731,0.48690462819713193,0.5213228327807412,0.6632015113667783,0.546888395942134,0.7334785869996235,0.7147360995224955,0.4649954142564027,0.5574082581885513,0.6306075185849405,0.6052962270002589
